100.00 | Profundidad
100 | Total de emisores
10 | Total de lineas emisoras
10 | Cantidad de emisores de la linea 1
10 | Cantidad de emisores de la linea 2
10 | Cantidad de emisores de la linea 3
10 | Cantidad de emisores de la linea 4
10 | Cantidad de emisores de la linea 5
10 | Cantidad de emisores de la linea 6
10 | Cantidad de emisores de la linea 7
10 | Cantidad de emisores de la linea 8
10 | Cantidad de emisores de la linea 9
10 | Cantidad de emisores de la linea 10
########## Emisores ##################
ID 	 X(mts) 	 Y(mts)
1   1350.00   250.00
2   1380.00   250.00
3   1410.00   250.00
4   1440.00   250.00
5   1470.00   250.00
6   1500.00   250.00
7   1530.00   250.00
8   1560.00   250.00
9   1590.00   250.00
10   1620.00   250.00
11   1350.00   305.00
12   1380.00   305.00
13   1410.00   305.00
14   1440.00   305.00
15   1470.00   305.00
16   1500.00   305.00
17   1530.00   305.00
18   1560.00   305.00
19   1590.00   305.00
20   1620.00   305.00
21   1350.00   360.00
22   1380.00   360.00
23   1410.00   360.00
24   1440.00   360.00
25   1470.00   360.00
26   1500.00   360.00
27   1530.00   360.00
28   1560.00   360.00
29   1590.00   360.00
30   1620.00   360.00
31   1350.00   415.00
32   1380.00   415.00
33   1410.00   415.00
34   1440.00   415.00
35   1470.00   415.00
36   1500.00   415.00
37   1530.00   415.00
38   1560.00   415.00
39   1590.00   415.00
40   1620.00   415.00
41   1350.00   470.00
42   1380.00   470.00
43   1410.00   470.00
44   1440.00   470.00
45   1470.00   470.00
46   1500.00   470.00
47   1530.00   470.00
48   1560.00   470.00
49   1590.00   470.00
50   1620.00   470.00
51   1350.00   525.00
52   1380.00   525.00
53   1410.00   525.00
54   1440.00   525.00
55   1470.00   525.00
56   1500.00   525.00
57   1530.00   525.00
58   1560.00   525.00
59   1590.00   525.00
60   1620.00   525.00
61   1350.00   580.00
62   1380.00   580.00
63   1410.00   580.00
64   1440.00   580.00
65   1470.00   580.00
66   1500.00   580.00
67   1530.00   580.00
68   1560.00   580.00
69   1590.00   580.00
70   1620.00   580.00
71   1350.00   635.00
72   1380.00   635.00
73   1410.00   635.00
74   1440.00   635.00
75   1470.00   635.00
76   1500.00   635.00
77   1530.00   635.00
78   1560.00   635.00
79   1590.00   635.00
80   1620.00   635.00
81   1350.00   690.00
82   1380.00   690.00
83   1410.00   690.00
84   1440.00   690.00
85   1470.00   690.00
86   1500.00   690.00
87   1530.00   690.00
88   1560.00   690.00
89   1590.00   690.00
90   1620.00   690.00
91   1350.00   745.00
92   1380.00   745.00
93   1410.00   745.00
94   1440.00   745.00
95   1470.00   745.00
96   1500.00   745.00
97   1530.00   745.00
98   1560.00   745.00
99   1590.00   745.00
100   1620.00   745.00
