100.00 | Profundidad
240 | Total de receptores
3 | Total de lineas receptoras
80 | Cantidad de receptores de la linea 1
80 | Cantidad de receptores de la linea 2
80 | Cantidad de receptores de la linea 3
########## Receptores ##################
ID 	 X(mts) 	 Y(mts)
1   500.00   300.00
2   525.00   300.00
3   550.00   300.00
4   575.00   300.00
5   600.00   300.00
6   625.00   300.00
7   650.00   300.00
8   675.00   300.00
9   700.00   300.00
10   725.00   300.00
11   750.00   300.00
12   775.00   300.00
13   800.00   300.00
14   825.00   300.00
15   850.00   300.00
16   875.00   300.00
17   900.00   300.00
18   925.00   300.00
19   950.00   300.00
20   975.00   300.00
21   1000.00   300.00
22   1025.00   300.00
23   1050.00   300.00
24   1075.00   300.00
25   1100.00   300.00
26   1125.00   300.00
27   1150.00   300.00
28   1175.00   300.00
29   1200.00   300.00
30   1225.00   300.00
31   1250.00   300.00
32   1275.00   300.00
33   1300.00   300.00
34   1325.00   300.00
35   1350.00   300.00
36   1375.00   300.00
37   1400.00   300.00
38   1425.00   300.00
39   1450.00   300.00
40   1475.00   300.00
41   1500.00   300.00
42   1525.00   300.00
43   1550.00   300.00
44   1575.00   300.00
45   1600.00   300.00
46   1625.00   300.00
47   1650.00   300.00
48   1675.00   300.00
49   1700.00   300.00
50   1725.00   300.00
51   1750.00   300.00
52   1775.00   300.00
53   1800.00   300.00
54   1825.00   300.00
55   1850.00   300.00
56   1875.00   300.00
57   1900.00   300.00
58   1925.00   300.00
59   1950.00   300.00
60   1975.00   300.00
61   2000.00   300.00
62   2025.00   300.00
63   2050.00   300.00
64   2075.00   300.00
65   2100.00   300.00
66   2125.00   300.00
67   2150.00   300.00
68   2175.00   300.00
69   2200.00   300.00
70   2225.00   300.00
71   2250.00   300.00
72   2275.00   300.00
73   2300.00   300.00
74   2325.00   300.00
75   2350.00   300.00
76   2375.00   300.00
77   2400.00   300.00
78   2425.00   300.00
79   2450.00   300.00
80   2475.00   300.00
81   500.00   500.00
82   525.00   500.00
83   550.00   500.00
84   575.00   500.00
85   600.00   500.00
86   625.00   500.00
87   650.00   500.00
88   675.00   500.00
89   700.00   500.00
90   725.00   500.00
91   750.00   500.00
92   775.00   500.00
93   800.00   500.00
94   825.00   500.00
95   850.00   500.00
96   875.00   500.00
97   900.00   500.00
98   925.00   500.00
99   950.00   500.00
100   975.00   500.00
101   1000.00   500.00
102   1025.00   500.00
103   1050.00   500.00
104   1075.00   500.00
105   1100.00   500.00
106   1125.00   500.00
107   1150.00   500.00
108   1175.00   500.00
109   1200.00   500.00
110   1225.00   500.00
111   1250.00   500.00
112   1275.00   500.00
113   1300.00   500.00
114   1325.00   500.00
115   1350.00   500.00
116   1375.00   500.00
117   1400.00   500.00
118   1425.00   500.00
119   1450.00   500.00
120   1475.00   500.00
121   1500.00   500.00
122   1525.00   500.00
123   1550.00   500.00
124   1575.00   500.00
125   1600.00   500.00
126   1625.00   500.00
127   1650.00   500.00
128   1675.00   500.00
129   1700.00   500.00
130   1725.00   500.00
131   1750.00   500.00
132   1775.00   500.00
133   1800.00   500.00
134   1825.00   500.00
135   1850.00   500.00
136   1875.00   500.00
137   1900.00   500.00
138   1925.00   500.00
139   1950.00   500.00
140   1975.00   500.00
141   2000.00   500.00
142   2025.00   500.00
143   2050.00   500.00
144   2075.00   500.00
145   2100.00   500.00
146   2125.00   500.00
147   2150.00   500.00
148   2175.00   500.00
149   2200.00   500.00
150   2225.00   500.00
151   2250.00   500.00
152   2275.00   500.00
153   2300.00   500.00
154   2325.00   500.00
155   2350.00   500.00
156   2375.00   500.00
157   2400.00   500.00
158   2425.00   500.00
159   2450.00   500.00
160   2475.00   500.00
161   500.00   700.00
162   525.00   700.00
163   550.00   700.00
164   575.00   700.00
165   600.00   700.00
166   625.00   700.00
167   650.00   700.00
168   675.00   700.00
169   700.00   700.00
170   725.00   700.00
171   750.00   700.00
172   775.00   700.00
173   800.00   700.00
174   825.00   700.00
175   850.00   700.00
176   875.00   700.00
177   900.00   700.00
178   925.00   700.00
179   950.00   700.00
180   975.00   700.00
181   1000.00   700.00
182   1025.00   700.00
183   1050.00   700.00
184   1075.00   700.00
185   1100.00   700.00
186   1125.00   700.00
187   1150.00   700.00
188   1175.00   700.00
189   1200.00   700.00
190   1225.00   700.00
191   1250.00   700.00
192   1275.00   700.00
193   1300.00   700.00
194   1325.00   700.00
195   1350.00   700.00
196   1375.00   700.00
197   1400.00   700.00
198   1425.00   700.00
199   1450.00   700.00
200   1475.00   700.00
201   1500.00   700.00
202   1525.00   700.00
203   1550.00   700.00
204   1575.00   700.00
205   1600.00   700.00
206   1625.00   700.00
207   1650.00   700.00
208   1675.00   700.00
209   1700.00   700.00
210   1725.00   700.00
211   1750.00   700.00
212   1775.00   700.00
213   1800.00   700.00
214   1825.00   700.00
215   1850.00   700.00
216   1875.00   700.00
217   1900.00   700.00
218   1925.00   700.00
219   1950.00   700.00
220   1975.00   700.00
221   2000.00   700.00
222   2025.00   700.00
223   2050.00   700.00
224   2075.00   700.00
225   2100.00   700.00
226   2125.00   700.00
227   2150.00   700.00
228   2175.00   700.00
229   2200.00   700.00
230   2225.00   700.00
231   2250.00   700.00
232   2275.00   700.00
233   2300.00   700.00
234   2325.00   700.00
235   2350.00   700.00
236   2375.00   700.00
237   2400.00   700.00
238   2425.00   700.00
239   2450.00   700.00
240   2475.00   700.00
